,X1,X2,X3,X4,X5,X6,Y_bin
X1,1.0,0.8222958971835888,-0.055492349969399876,0.3069881079524318,0.029045396181584728,0.03537748550994204,0.042763947055788225
X2,0.8222958971835888,1.0,-0.048964323857295426,0.2275371341485366,0.035506030024120096,0.06500176400705603,0.04101568406273625
X3,-0.055492349969399876,-0.048964323857295426,1.0,0.036959187836751346,-0.02479065916263665,0.07187126348505395,-0.04492798771195085
X4,0.3069881079524318,0.2275371341485366,0.036959187836751346,1.0,-0.06547456589826359,0.036777843111372444,-0.045313429253717015
X5,0.029045396181584728,0.035506030024120096,-0.02479065916263665,-0.06547456589826359,1.0,-0.002709130836523346,0.015840831363325453
X6,0.03537748550994204,0.06500176400705603,0.07187126348505395,0.036777843111372444,-0.002709130836523346,1.0,-0.06478691514766059
Y_bin,0.042763947055788225,0.04101568406273625,-0.04492798771195085,-0.045313429253717015,0.015840831363325453,-0.06478691514766059,1.0
