,X1,X2,X3,X4,X5,X6,Y_bin
X1,1.0,0.837728095443581,-0.04177687408432432,0.30265751420376824,0.02880472765604433,0.03177314084570541,0.0333320660249481
X2,0.837728095443581,1.0,-0.03340158283992132,0.2507311818360228,0.04563327883833587,0.05573470819376846,0.031118529560037245
X3,-0.04177687408432432,-0.03340158283992132,1.0,0.056620205174380406,-0.06202073939750397,0.06579754588569597,-0.04002367032951144
X4,0.30265751420376824,0.2507311818360228,0.056620205174380406,1.0,-0.06080512297796101,0.0471745780959489,-0.027939960011017746
X5,0.02880472765604433,0.04563327883833587,-0.06202073939750397,-0.06080512297796101,1.0,-0.02533894174400153,0.06507779069790927
X6,0.03177314084570541,0.05573470819376846,0.06579754588569597,0.0471745780959489,-0.02533894174400153,1.0,-0.052707942626255645
Y_bin,0.0333320660249481,0.031118529560037245,-0.04002367032951144,-0.027939960011017746,0.06507779069790927,-0.052707942626255645,1.0
