,X1,X2,X3,X4,X5,X6,Y_bin
X1,1.0,0.8377280954435817,-0.041776874084324365,0.30265751420376796,0.028804727656044294,0.031773140845705414,0.033332066024948113
X2,0.8377280954435817,1.0,-0.03340158283992132,0.2507311818360229,0.04563327883833586,0.055734708193768454,0.031118529560037165
X3,-0.041776874084324365,-0.03340158283992132,1.0,0.05662020517438043,-0.062020739397503945,0.06579754588569586,-0.04002367032951139
X4,0.30265751420376796,0.2507311818360229,0.05662020517438043,1.0,-0.06080512297796095,0.047174578095948806,-0.027939960011017718
X5,0.028804727656044294,0.04563327883833586,-0.062020739397503945,-0.06080512297796095,1.0,-0.025338941744001496,0.06507779069790923
X6,0.031773140845705414,0.055734708193768454,0.06579754588569586,0.047174578095948806,-0.025338941744001496,1.0,-0.052707942626255576
Y_bin,0.033332066024948113,0.031118529560037165,-0.04002367032951139,-0.027939960011017718,0.06507779069790923,-0.052707942626255576,1.0
